1 0.212798 0.502811 0.085813 0.262235
1 0.296751 0.505622 0.069196 0.259259
1 0.383805 0.500331 0.071677 0.246693
1 0.460193 0.496528 0.066220 0.249669
1 0.540675 0.498347 0.071429 0.246032
1 0.617560 0.500661 0.067460 0.241402
1 0.707341 0.492725 0.063492 0.254630
1 0.786706 0.502976 0.062996 0.255291
0 0.225446 0.603175 0.043155 0.061508
0 0.300967 0.599206 0.047867 0.062831
0 0.382068 0.594577 0.037946 0.052249
0 0.457341 0.598710 0.035218 0.040675
0 0.540055 0.593915 0.044891 0.047619
0 0.619048 0.600364 0.028770 0.043981
0 0.783854 0.603340 0.033978 0.053241
