1 0.158824 0.481699 0.091503 0.236601
0 0.157843 0.574673 0.060131 0.049346
1 0.266340 0.484314 0.090196 0.235948
1 0.364052 0.486438 0.079085 0.244771
1 0.462092 0.483824 0.082353 0.259804
1 0.556536 0.479902 0.076471 0.238889
1 0.659641 0.483170 0.096405 0.251307
1 0.766340 0.490033 0.079085 0.244771
1 0.858170 0.492320 0.084314 0.244771
0 0.257680 0.574346 0.049346 0.047386
0 0.358660 0.577288 0.055229 0.048693
0 0.457843 0.579412 0.052941 0.060131
0 0.557680 0.583007 0.042157 0.044444
0 0.659314 0.576471 0.049346 0.066013
0 0.849510 0.583007 0.046732 0.056209
0 0.753758 0.579739 0.049346 0.050980
