1 0.134967 0.446895 0.072549 0.233660
1 0.224673 0.445425 0.076144 0.249673
1 0.337908 0.450000 0.064706 0.249020
1 0.443627 0.445425 0.080065 0.252941
1 0.533333 0.447222 0.084967 0.262418
1 0.647549 0.455556 0.094444 0.248366
1 0.745752 0.447876 0.066667 0.256536
1 0.838235 0.441340 0.079085 0.256536
0 0.137908 0.539706 0.052288 0.042157
0 0.235458 0.540523 0.060458 0.060784
0 0.340033 0.544608 0.054575 0.061765
0 0.438562 0.535784 0.050980 0.067647
0 0.542647 0.536601 0.041503 0.057516
0 0.651961 0.543791 0.053595 0.057516
0 0.842974 0.539869 0.046732 0.040523
