1 0.197672 0.524346 0.075245 0.268954
1 0.279412 0.528431 0.063235 0.286275
1 0.362132 0.522386 0.064461 0.268301
1 0.440441 0.523856 0.061765 0.262092
1 0.518260 0.530719 0.057598 0.257516
1 0.601348 0.524673 0.050735 0.260458
1 0.681005 0.534641 0.058088 0.266667
1 0.764461 0.536928 0.059804 0.271242
0 0.209069 0.620752 0.042157 0.059150
0 0.280515 0.618791 0.043873 0.067647
0 0.365196 0.623856 0.045588 0.065359
0 0.442770 0.620425 0.037500 0.063072
0 0.519118 0.625000 0.044608 0.061765
0 0.602328 0.626961 0.034069 0.057843
0 0.685784 0.632190 0.034804 0.053268
