1 0.153431 0.416013 0.096405 0.254902
1 0.258333 0.422386 0.081373 0.257843
1 0.362745 0.421405 0.071895 0.253922
1 0.455556 0.418137 0.084967 0.259150
1 0.571405 0.425654 0.093137 0.245425
1 0.670098 0.427124 0.088562 0.267320
1 0.779085 0.425327 0.077124 0.251961
1 0.878595 0.429412 0.082680 0.255556
0 0.169771 0.512582 0.050654 0.048693
0 0.255719 0.508497 0.061765 0.059477
0 0.367974 0.512908 0.058170 0.057843
0 0.469281 0.520098 0.064706 0.049346
0 0.571732 0.524183 0.050000 0.048366
0 0.674510 0.515850 0.054902 0.062418
0 0.775817 0.527451 0.047059 0.041830
0 0.874346 0.525654 0.055229 0.063072
