1 0.153758 0.418137 0.075490 0.240196
1 0.254412 0.416013 0.074837 0.260784
1 0.367320 0.415523 0.059477 0.238235
1 0.467484 0.419935 0.081373 0.256863
1 0.570588 0.423203 0.078431 0.247712
1 0.666176 0.426144 0.086601 0.259477
1 0.780065 0.424673 0.077778 0.253268
1 0.879739 0.428431 0.079085 0.249020
0 0.162745 0.514706 0.032680 0.041176
0 0.266013 0.515196 0.051634 0.062418
0 0.362582 0.518791 0.038235 0.043464
0 0.473693 0.519444 0.054575 0.055229
0 0.570915 0.523039 0.039869 0.034967
0 0.679248 0.524837 0.055882 0.064706
0 0.779085 0.523366 0.041830 0.050000
0 0.871242 0.525327 0.052288 0.062418
