0 0.212674 0.495370 0.085565 0.277116
0 0.302703 0.495370 0.075149 0.277116
0 0.383929 0.497024 0.066468 0.271825
0 0.463418 0.496032 0.060764 0.267857
0 0.544271 0.495866 0.068700 0.265542
0 0.619916 0.499173 0.056796 0.276124
1 0.221850 0.599372 0.043403 0.054563
1 0.301091 0.596230 0.049603 0.054233
1 0.383433 0.595569 0.043155 0.055556
1 0.461558 0.596726 0.032738 0.044643
1 0.539931 0.593089 0.039187 0.054563
1 0.617808 0.596230 0.028770 0.045635
1 0.781498 0.597718 0.047123 0.061839
1 0.703125 0.605159 0.037698 0.057540
