1 0.133497 0.394118 0.095752 0.256209
1 0.234804 0.399510 0.066340 0.258497
1 0.332190 0.402288 0.082026 0.247712
1 0.442157 0.397059 0.090196 0.247712
1 0.534314 0.400817 0.078431 0.251961
1 0.633824 0.392974 0.075490 0.258497
1 0.742810 0.402124 0.064052 0.257843
1 0.858170 0.398203 0.079739 0.252614
0 0.141176 0.492647 0.057516 0.061111
0 0.237582 0.500163 0.039869 0.063072
0 0.336111 0.493627 0.063725 0.063072
0 0.441340 0.492484 0.048039 0.052288
0 0.536765 0.495425 0.048693 0.059477
0 0.646895 0.496569 0.048039 0.048693
0 0.746732 0.496569 0.044444 0.060458
0 0.846569 0.501634 0.043464 0.051634
