1 0.420752 0.140686 0.276797 0.114052
1 0.423856 0.251471 0.255556 0.093137
1 0.422386 0.349510 0.258497 0.081373
1 0.427124 0.459967 0.260784 0.082680
1 0.425327 0.563725 0.251307 0.086928
1 0.431209 0.671242 0.240850 0.079739
1 0.430556 0.763562 0.259804 0.069608
1 0.428268 0.872386 0.239542 0.082680
0 0.519771 0.145098 0.042157 0.041176
0 0.530719 0.251471 0.056863 0.057843
0 0.523856 0.354902 0.047059 0.038562
0 0.519444 0.457843 0.042810 0.039216
0 0.527451 0.553922 0.048366 0.033987
0 0.527124 0.661438 0.047712 0.035294
0 0.526797 0.765359 0.039869 0.033987
0 0.523203 0.862582 0.045752 0.044118
