1 0.423529 0.129739 0.241830 0.103922
1 0.423693 0.227941 0.233007 0.076144
1 0.422386 0.338235 0.245425 0.070588
1 0.425490 0.436928 0.254248 0.079085
1 0.422876 0.549510 0.252288 0.082026
1 0.424673 0.655882 0.257190 0.084314
1 0.424673 0.756209 0.245425 0.077124
1 0.428105 0.853922 0.241830 0.076471
0 0.517974 0.129575 0.045752 0.055229
0 0.521732 0.236601 0.041503 0.058824
0 0.517647 0.436275 0.039216 0.044444
0 0.512582 0.341993 0.042157 0.048693
0 0.517647 0.545588 0.049673 0.049346
0 0.513235 0.648693 0.061111 0.053595
0 0.520915 0.752941 0.056209 0.050327
0 0.517320 0.850654 0.052941 0.053595
