1 0.215074 0.464440 0.064461 0.414871
1 0.293382 0.458782 0.050000 0.411099
1 0.370098 0.460938 0.059804 0.411099
1 0.452206 0.471175 0.059804 0.398168
1 0.525368 0.468211 0.054657 0.392241
1 0.607108 0.456088 0.055392 0.378772
1 0.681250 0.461207 0.047304 0.383621
1 0.763603 0.468750 0.060539 0.383621
0 0.223897 0.615841 0.039951 0.096983
0 0.294485 0.608297 0.039951 0.063578
0 0.373162 0.612608 0.038971 0.082974
0 0.449755 0.622575 0.027941 0.087823
0 0.531127 0.621498 0.038725 0.110453
0 0.606618 0.603987 0.028922 0.085129
0 0.682721 0.620151 0.034069 0.090517
0 0.757353 0.611530 0.041176 0.075431
