1 0.497306 0.230760 0.437500 0.071324
1 0.501347 0.310662 0.429418 0.077206
1 0.504580 0.387500 0.426185 0.061765
1 0.491110 0.464216 0.402478 0.059804
1 0.490302 0.536397 0.417026 0.069853
1 0.492457 0.699265 0.431034 0.065686
1 0.490841 0.773897 0.421336 0.067892
0 0.326239 0.231740 0.079203 0.038971
0 0.336476 0.306373 0.096444 0.036765
0 0.333244 0.384926 0.096444 0.046814
0 0.334052 0.459926 0.094828 0.039461
0 0.331897 0.536642 0.080819 0.036029
0 0.323006 0.617892 0.098599 0.039706
1 0.489494 0.622059 0.469289 0.064216
0 0.340517 0.693873 0.091595 0.037255
0 0.339709 0.769240 0.093211 0.043873
