1 0.573545 0.206985 0.449892 0.074265
1 0.563039 0.296691 0.410560 0.067892
1 0.559806 0.373897 0.407328 0.059069
1 0.555226 0.449877 0.439116 0.069853
1 0.559806 0.526961 0.410560 0.056863
1 0.570312 0.602328 0.456358 0.066422
1 0.568696 0.674020 0.446659 0.052451
1 0.567080 0.751471 0.443427 0.069118
0 0.405442 0.213358 0.110453 0.054167
0 0.386315 0.287990 0.098060 0.043137
0 0.396821 0.373897 0.102909 0.038971
0 0.394397 0.446691 0.073276 0.038971
0 0.397360 0.526225 0.088901 0.044118
0 0.407866 0.599755 0.077586 0.030882
0 0.388200 0.678799 0.079203 0.037500
0 0.410022 0.755882 0.098060 0.046078
