1 0.200490 0.518464 0.067157 0.263725
1 0.276593 0.524183 0.062010 0.261438
1 0.362868 0.525163 0.068382 0.270588
1 0.443873 0.526961 0.059314 0.263725
1 0.525245 0.532680 0.052451 0.253595
1 0.601961 0.530065 0.049510 0.257516
1 0.681250 0.530392 0.058578 0.262745
1 0.764461 0.535784 0.069118 0.267647
0 0.206495 0.619935 0.043873 0.060784
0 0.282230 0.623856 0.041422 0.073203
0 0.362377 0.625817 0.040931 0.060131
0 0.443015 0.621242 0.037010 0.060131
0 0.522181 0.624183 0.036029 0.056863
0 0.601471 0.628105 0.035784 0.069281
0 0.683333 0.635621 0.035294 0.064706
