1 0.479167 0.189484 0.322090 0.129464
1 0.474702 0.306920 0.319114 0.079613
1 0.476356 0.407242 0.310516 0.081845
1 0.492063 0.504216 0.310847 0.075397
1 0.495040 0.616443 0.290344 0.094990
1 0.496528 0.719370 0.293320 0.097966
1 0.489253 0.827753 0.310516 0.094990
1 0.495701 0.945933 0.303571 0.093750
0 0.384259 0.186756 0.091931 0.074405
0 0.393519 0.294519 0.093254 0.050843
0 0.392030 0.398065 0.079034 0.046131
0 0.399306 0.506944 0.084987 0.055060
0 0.392857 0.603547 0.063492 0.051835
0 0.404431 0.706473 0.083333 0.063740
0 0.398644 0.823413 0.106151 0.062500
0 0.417989 0.944196 0.084656 0.062500
