1 0.507937 0.190972 0.287698 0.104663
1 0.507275 0.297743 0.289021 0.083085
1 0.508598 0.396453 0.286376 0.079613
1 0.510747 0.494048 0.287368 0.078869
1 0.508598 0.587798 0.271825 0.074405
1 0.507275 0.691840 0.271825 0.096974
1 0.512070 0.796999 0.276124 0.083085
1 0.512897 0.898438 0.274471 0.085069
0 0.419478 0.206101 0.067791 0.061508
0 0.416667 0.298859 0.067460 0.055060
0 0.422288 0.395957 0.082011 0.057292
0 0.421627 0.491815 0.077381 0.055060
0 0.411541 0.586310 0.057209 0.056052
0 0.420966 0.689236 0.067460 0.063492
0 0.419478 0.796007 0.070437 0.048363
0 0.424438 0.895089 0.069114 0.055060
