1 0.502149 0.128472 0.301918 0.098214
1 0.515046 0.238467 0.307870 0.095982
1 0.513558 0.342634 0.322090 0.084077
1 0.517361 0.435268 0.317791 0.077877
1 0.521660 0.530630 0.326389 0.095982
1 0.522321 0.628224 0.307870 0.079861
1 0.525959 0.729167 0.300595 0.085317
1 0.535218 0.837426 0.316468 0.088542
0 0.424603 0.139261 0.074735 0.065724
0 0.433862 0.254092 0.082011 0.060268
0 0.444610 0.349454 0.092262 0.061508
0 0.435185 0.447669 0.082011 0.048611
0 0.445271 0.551215 0.070437 0.048363
0 0.443122 0.619544 0.083333 0.049603
0 0.445437 0.740947 0.073413 0.063740
0 0.454530 0.836434 0.094907 0.058284
