1 0.541667 0.172123 0.280423 0.129464
1 0.541667 0.291295 0.286376 0.102431
1 0.537368 0.398065 0.291667 0.076389
1 0.533069 0.486483 0.271825 0.081101
1 0.533730 0.583085 0.275794 0.079861
1 0.530258 0.674603 0.268849 0.079861
1 0.537368 0.776538 0.277778 0.100198
1 0.527943 0.881200 0.270172 0.093750
0 0.456184 0.177083 0.069114 0.067956
0 0.454034 0.283234 0.067460 0.064484
0 0.448909 0.390997 0.083664 0.047371
0 0.440972 0.489707 0.064484 0.052827
0 0.441799 0.582465 0.072090 0.054812
0 0.440311 0.663814 0.069114 0.047371
0 0.439484 0.770585 0.064815 0.062500
0 0.429398 0.862227 0.053241 0.051835
