1 0.477017 0.204489 0.291997 0.101438
1 0.474041 0.302579 0.294643 0.073413
1 0.472553 0.381820 0.297619 0.065724
1 0.473380 0.457837 0.301918 0.073413
1 0.470569 0.539807 0.296296 0.064732
1 0.467593 0.613715 0.290344 0.063740
1 0.469081 0.694568 0.301918 0.070188
1 0.464782 0.786210 0.293320 0.100198
0 0.379795 0.223338 0.077712 0.048363
0 0.376323 0.302207 0.076058 0.046379
0 0.372024 0.379836 0.082011 0.046379
0 0.376984 0.456845 0.074735 0.054067
0 0.374835 0.536086 0.070437 0.048363
0 0.377811 0.609995 0.084987 0.053819
0 0.372685 0.689732 0.072090 0.045139
0 0.369213 0.766369 0.061839 0.049603
