1 0.473380 0.179812 0.282077 0.099206
1 0.471892 0.275670 0.287698 0.073165
1 0.467593 0.357639 0.281746 0.064484
1 0.462632 0.431548 0.280423 0.061508
1 0.463955 0.508061 0.283069 0.076637
1 0.458995 0.589534 0.284392 0.066964
1 0.460483 0.666543 0.287368 0.065724
1 0.461971 0.762525 0.290344 0.102431
0 0.374835 0.195809 0.076389 0.053819
0 0.370536 0.274058 0.084987 0.048611
0 0.369874 0.357143 0.083664 0.048611
0 0.367725 0.432044 0.090608 0.047619
0 0.370536 0.507068 0.076389 0.052827
0 0.368386 0.585689 0.083333 0.046379
0 0.372024 0.664311 0.082011 0.046379
0 0.372851 0.745784 0.077712 0.054067
