1 0.215898 0.511409 0.106399 0.296627
1 0.310268 0.510747 0.072917 0.301918
1 0.388269 0.510747 0.072173 0.312500
1 0.466270 0.514716 0.072917 0.296627
1 0.546999 0.513558 0.071181 0.292328
1 0.627480 0.514550 0.070437 0.290344
1 0.705481 0.519511 0.064732 0.306217
1 0.800719 0.523148 0.107887 0.315476
0 0.232639 0.607474 0.047123 0.074735
0 0.311880 0.613922 0.053819 0.079034
0 0.387029 0.612269 0.043899 0.075728
0 0.467882 0.615410 0.050347 0.071429
0 0.542659 0.613757 0.043155 0.064153
0 0.622272 0.615906 0.053571 0.063823
0 0.700769 0.622354 0.048859 0.070106
0 0.778770 0.621858 0.051091 0.067130
