1 0.458995 0.238963 0.316138 0.109871
1 0.458995 0.339782 0.307540 0.063492
1 0.456184 0.413690 0.310516 0.073413
1 0.461806 0.497272 0.316468 0.065972
1 0.463294 0.574281 0.316138 0.064732
1 0.462632 0.646577 0.320767 0.066964
1 0.461144 0.729539 0.323743 0.071181
1 0.466931 0.826265 0.320767 0.102431
0 0.370536 0.256324 0.079034 0.058284
0 0.372685 0.340898 0.097884 0.050843
0 0.369874 0.411582 0.092262 0.053819
0 0.366237 0.493428 0.093585 0.053819
0 0.368386 0.570561 0.072090 0.041915
0 0.370536 0.645089 0.073082 0.044147
0 0.376323 0.724826 0.090608 0.046379
0 0.383433 0.805184 0.084987 0.053819
