1 0.461971 0.210938 0.304894 0.127232
1 0.457507 0.318204 0.319114 0.061508
1 0.461144 0.389385 0.306548 0.063492
1 0.457672 0.462798 0.304894 0.074405
1 0.464120 0.540427 0.317791 0.063492
1 0.465443 0.620784 0.329034 0.073413
1 0.463955 0.698909 0.320767 0.067956
1 0.464782 0.794395 0.316468 0.110119
0 0.379134 0.228795 0.079034 0.065724
0 0.378472 0.317708 0.088955 0.054067
0 0.376323 0.388889 0.093254 0.045139
0 0.371362 0.463294 0.100529 0.047619
0 0.378472 0.541543 0.083664 0.052827
0 0.372024 0.618056 0.082011 0.057044
0 0.368552 0.697297 0.094907 0.058284
0 0.373347 0.774306 0.082011 0.061508
