1 0.474041 0.220734 0.291997 0.118552
1 0.471230 0.322545 0.286376 0.063740
1 0.468419 0.398562 0.283399 0.068948
1 0.466931 0.477803 0.291667 0.072173
1 0.460483 0.552827 0.287368 0.062500
1 0.460317 0.634177 0.290344 0.080853
1 0.463955 0.716146 0.297619 0.072173
1 0.473380 0.808408 0.304563 0.101438
0 0.380622 0.238467 0.079365 0.054812
0 0.382771 0.319816 0.083664 0.053819
0 0.377811 0.396949 0.061839 0.052827
0 0.375496 0.474578 0.077712 0.057292
0 0.372024 0.552827 0.082011 0.049603
0 0.373512 0.627232 0.084987 0.054067
0 0.376984 0.705977 0.097884 0.047371
0 0.382771 0.787822 0.083664 0.053819
