1 0.473380 0.261657 0.293320 0.110119
1 0.471230 0.358135 0.294974 0.061508
1 0.472718 0.434772 0.286045 0.069940
1 0.474206 0.510789 0.280423 0.066716
1 0.470403 0.590030 0.276124 0.067956
1 0.469742 0.668775 0.277447 0.065724
1 0.468254 0.744792 0.265873 0.066964
1 0.472718 0.840650 0.274802 0.103423
0 0.379960 0.272445 0.072090 0.064732
0 0.379134 0.357143 0.070437 0.048611
0 0.379960 0.428819 0.072090 0.051587
0 0.379960 0.510789 0.080688 0.051835
0 0.375496 0.585193 0.069114 0.045387
0 0.375661 0.664435 0.066138 0.044147
0 0.375496 0.742560 0.069114 0.054067
0 0.376323 0.824529 0.070767 0.058284
