1 0.466931 0.222346 0.297619 0.113343
1 0.462467 0.325273 0.277447 0.064732
1 0.463955 0.401290 0.280423 0.067956
1 0.464782 0.480035 0.290675 0.065724
1 0.458995 0.557168 0.302249 0.071181
1 0.464782 0.636409 0.293320 0.063492
1 0.460483 0.715650 0.287368 0.071181
1 0.455357 0.811508 0.294974 0.105655
0 0.375661 0.237971 0.074735 0.066716
0 0.374835 0.320933 0.076389 0.047619
0 0.370536 0.401910 0.073082 0.051835
0 0.371858 0.478423 0.070437 0.047619
0 0.371197 0.557168 0.086310 0.051835
0 0.370536 0.633185 0.084987 0.057044
0 0.370536 0.708085 0.084987 0.054067
0 0.375661 0.791171 0.083333 0.056052
