1 0.474702 0.224454 0.284722 0.109127
1 0.476190 0.319320 0.279101 0.063740
1 0.471230 0.398562 0.283069 0.073413
1 0.472718 0.477803 0.283399 0.063740
1 0.471230 0.557664 0.289021 0.070188
1 0.468419 0.635789 0.286045 0.066716
1 0.467593 0.713418 0.281746 0.071181
1 0.474041 0.811632 0.291997 0.107887
0 0.381448 0.241195 0.069114 0.064732
0 0.379960 0.320312 0.091931 0.046379
0 0.388558 0.401290 0.074735 0.048611
0 0.382771 0.476314 0.071759 0.047371
0 0.374173 0.550099 0.071759 0.048611
0 0.380622 0.631076 0.079365 0.039931
0 0.372851 0.705357 0.077712 0.050595
0 0.381283 0.786830 0.083333 0.045387
