1 0.465608 0.180184 0.289021 0.108879
1 0.468419 0.277778 0.283399 0.073413
1 0.469081 0.358755 0.295966 0.066716
1 0.468419 0.438988 0.286045 0.067956
1 0.469081 0.517857 0.270172 0.061508
1 0.463294 0.595362 0.279101 0.063740
1 0.465443 0.672991 0.300595 0.072173
1 0.469742 0.765749 0.291997 0.097966
0 0.379960 0.198041 0.072090 0.071181
0 0.376984 0.280010 0.074735 0.060516
0 0.377149 0.357639 0.077712 0.056052
0 0.380622 0.436880 0.093254 0.063740
0 0.380622 0.517237 0.067460 0.038938
0 0.374173 0.592138 0.069114 0.044395
0 0.373512 0.664435 0.079034 0.055060
0 0.376323 0.745908 0.079365 0.047371
