1 0.465443 0.224950 0.283399 0.112103
1 0.464782 0.323165 0.287368 0.073413
1 0.467758 0.406622 0.293320 0.070188
1 0.464616 0.483755 0.273148 0.060268
1 0.462467 0.559772 0.277447 0.067956
1 0.466931 0.638517 0.286376 0.070188
1 0.465443 0.719990 0.294643 0.068948
1 0.466104 0.813244 0.278770 0.098214
0 0.382110 0.246032 0.070437 0.063492
0 0.370536 0.326265 0.087632 0.058284
0 0.375661 0.402406 0.074735 0.046379
0 0.377646 0.483755 0.073413 0.045387
0 0.372685 0.559276 0.074735 0.049603
0 0.376984 0.635293 0.074735 0.050843
0 0.373512 0.714038 0.079034 0.044147
0 0.374835 0.793279 0.079034 0.053819
