1 0.476852 0.196429 0.289021 0.119544
1 0.474041 0.300967 0.291997 0.070188
1 0.472718 0.377604 0.291997 0.065724
1 0.468419 0.453125 0.286045 0.061508
1 0.469907 0.527902 0.280423 0.071181
1 0.471230 0.610491 0.283069 0.065724
1 0.469081 0.689236 0.278770 0.067956
1 0.472553 0.783606 0.306217 0.101438
0 0.378472 0.215278 0.069114 0.060516
0 0.372851 0.298363 0.086310 0.056052
0 0.376323 0.376612 0.073413 0.052827
0 0.372024 0.448785 0.099206 0.050843
0 0.373512 0.529142 0.076389 0.047371
0 0.376323 0.606647 0.073413 0.043155
0 0.375661 0.683780 0.072090 0.044147
0 0.373512 0.762029 0.079034 0.058284
