1 0.482804 0.220734 0.306217 0.110119
1 0.478340 0.314484 0.294643 0.064484
1 0.472553 0.387277 0.280423 0.067708
1 0.469081 0.466642 0.284722 0.064732
1 0.472718 0.543155 0.291997 0.062500
1 0.472718 0.622396 0.291997 0.076637
1 0.469907 0.702753 0.289021 0.071181
1 0.469742 0.796503 0.286045 0.101438
0 0.377811 0.232019 0.064484 0.061260
0 0.375661 0.310764 0.066138 0.042163
0 0.378472 0.387277 0.060516 0.048363
0 0.375661 0.461682 0.072090 0.046379
0 0.376323 0.540923 0.073413 0.041171
0 0.373347 0.614335 0.082011 0.056052
0 0.376323 0.695685 0.073413 0.039683
0 0.377149 0.773810 0.069114 0.038690
