1 0.480489 0.252480 0.279101 0.106647
1 0.475529 0.347470 0.271825 0.055060
1 0.475529 0.421255 0.283069 0.075645
1 0.466104 0.496156 0.278770 0.059276
1 0.468254 0.573289 0.280423 0.071181
1 0.466104 0.654762 0.276124 0.063492
1 0.462632 0.731275 0.291667 0.070188
1 0.461144 0.830481 0.283399 0.102431
0 0.382771 0.259425 0.069114 0.062500
0 0.385086 0.343626 0.079034 0.034474
0 0.381283 0.416915 0.066138 0.045139
0 0.379134 0.495660 0.070437 0.038938
0 0.377811 0.566840 0.064484 0.045387
0 0.375661 0.648810 0.083333 0.049603
0 0.371362 0.729663 0.080688 0.047619
0 0.373347 0.806672 0.064815 0.046379
