1 0.474868 0.208333 0.322090 0.117560
1 0.475529 0.309028 0.317460 0.075397
1 0.473380 0.390501 0.307870 0.065724
1 0.475529 0.469246 0.303571 0.076389
1 0.473380 0.544643 0.301918 0.061508
1 0.469081 0.620784 0.304563 0.073413
1 0.469742 0.701513 0.300595 0.071181
1 0.463955 0.796503 0.283069 0.094990
0 0.383598 0.230903 0.073413 0.055060
0 0.381283 0.303695 0.083333 0.047371
0 0.382110 0.386657 0.084987 0.043155
0 0.381448 0.465898 0.077712 0.052827
0 0.379134 0.542535 0.076389 0.035466
0 0.375661 0.616443 0.072090 0.047371
0 0.369213 0.695685 0.084987 0.046131
0 0.377811 0.774926 0.076389 0.047371
