1 0.472553 0.246652 0.280423 0.120784
1 0.473380 0.345238 0.290675 0.072421
1 0.475529 0.424479 0.283069 0.069196
1 0.470403 0.502108 0.284722 0.062748
1 0.471892 0.576017 0.296296 0.070188
1 0.466931 0.656374 0.303571 0.077629
1 0.470569 0.737103 0.296296 0.062500
1 0.467593 0.838046 0.296296 0.115575
0 0.379299 0.261657 0.082011 0.070933
0 0.382110 0.345114 0.067791 0.052827
0 0.377811 0.422247 0.061839 0.047371
0 0.382771 0.499504 0.069114 0.050595
0 0.379960 0.575025 0.060185 0.046379
0 0.377811 0.653646 0.076389 0.052827
0 0.382771 0.732887 0.080357 0.047619
0 0.377646 0.815352 0.082011 0.052827
