1 0.467593 0.201761 0.275794 0.115327
1 0.469081 0.310640 0.293320 0.072173
1 0.470569 0.390005 0.296296 0.066716
1 0.469742 0.468130 0.286045 0.065724
1 0.472057 0.546255 0.310516 0.064732
1 0.474868 0.618056 0.307540 0.063492
1 0.483466 0.696677 0.316138 0.067956
1 0.471892 0.791047 0.316138 0.101438
0 0.375496 0.222346 0.054563 0.052827
0 0.374173 0.311756 0.080357 0.050595
0 0.373512 0.387897 0.070437 0.049603
0 0.379134 0.461682 0.076389 0.044395
0 0.368386 0.540427 0.080688 0.044147
0 0.370536 0.691344 0.067791 0.050843
0 0.372024 0.777158 0.073413 0.058284
