1 0.466270 0.184648 0.304894 0.102431
1 0.467758 0.281126 0.301918 0.060268
1 0.469081 0.355903 0.278770 0.067956
1 0.453869 0.434152 0.286045 0.066716
1 0.465443 0.512897 0.260251 0.068948
1 0.466270 0.590526 0.287698 0.073413
1 0.471230 0.675223 0.294974 0.065724
1 0.463294 0.769097 0.324735 0.104663
0 0.375661 0.193824 0.057540 0.064732
0 0.371362 0.278398 0.074735 0.050843
0 0.373512 0.354415 0.061839 0.049603
0 0.369709 0.431548 0.074735 0.050595
0 0.374835 0.509177 0.064484 0.042163
0 0.372685 0.587302 0.072090 0.054067
0 0.367063 0.668775 0.083333 0.039931
0 0.371362 0.748512 0.089286 0.057044
