1 0.472553 0.220982 0.273148 0.086806
1 0.471726 0.307788 0.265542 0.062004
1 0.470734 0.382192 0.261574 0.059028
1 0.473049 0.460565 0.260913 0.068452
1 0.475860 0.545635 0.262566 0.062004
1 0.471561 0.619668 0.253968 0.061260
1 0.474537 0.699777 0.267196 0.067212
1 0.484292 0.783730 0.273479 0.083333
0 0.370040 0.234499 0.058201 0.042411
0 0.371362 0.310020 0.055556 0.037202
0 0.374504 0.385045 0.067130 0.044395
0 0.377149 0.461310 0.063161 0.042163
0 0.379134 0.543775 0.067130 0.039435
0 0.381614 0.621776 0.068122 0.049603
0 0.382110 0.699529 0.075066 0.050347
0 0.383102 0.775050 0.071098 0.051091
