1 0.504630 0.206721 0.250000 0.080109
1 0.500827 0.312872 0.251653 0.082589
1 0.501323 0.409846 0.260582 0.070685
1 0.498843 0.509425 0.255622 0.081845
1 0.500331 0.617808 0.262566 0.085317
1 0.495536 0.722098 0.254960 0.079613
1 0.494544 0.824281 0.249008 0.076637
1 0.496858 0.934400 0.257606 0.095486
0 0.404101 0.200769 0.060185 0.037946
0 0.407573 0.305184 0.067130 0.046875
0 0.400132 0.415675 0.054233 0.040179
0 0.404101 0.507192 0.058201 0.043651
0 0.404101 0.611607 0.058201 0.043651
0 0.402612 0.715774 0.065146 0.048115
0 0.406911 0.823165 0.062500 0.048115
0 0.397652 0.934028 0.055225 0.046627
