1 0.274140 0.332217 0.250000 0.078621
1 0.276124 0.412326 0.255952 0.061260
1 0.281911 0.488219 0.257606 0.065724
1 0.280919 0.560392 0.255622 0.062748
1 0.277943 0.633557 0.261574 0.062748
1 0.275132 0.706721 0.261905 0.072173
1 0.551753 0.327753 0.249008 0.067212
1 0.557705 0.401538 0.247024 0.051091
1 0.564980 0.475570 0.265542 0.070685
1 0.565972 0.550967 0.255622 0.059772
1 0.560681 0.628720 0.252976 0.062004
1 0.571263 0.706845 0.274140 0.062004
0 0.177414 0.335441 0.060516 0.044395
0 0.184689 0.412078 0.065146 0.041419
0 0.186673 0.483879 0.057209 0.043651
0 0.192956 0.554315 0.073743 0.040179
0 0.183201 0.632688 0.066138 0.042163
0 0.187169 0.710069 0.074074 0.048115
0 0.462302 0.329241 0.058201 0.039435
0 0.467758 0.403646 0.073082 0.040923
0 0.464782 0.474826 0.057209 0.044395
0 0.468750 0.548487 0.065146 0.044395
0 0.465278 0.628348 0.054233 0.037946
0 0.470238 0.703745 0.060185 0.051835
