1 0.270833 0.346354 0.264550 0.073661
1 0.265377 0.428447 0.257606 0.068700
1 0.266865 0.499132 0.264550 0.062748
1 0.264881 0.572173 0.270503 0.057044
1 0.257110 0.654142 0.258929 0.073661
1 0.260086 0.737723 0.266204 0.070188
1 0.542163 0.355903 0.256944 0.066468
1 0.540179 0.432168 0.249008 0.068700
1 0.541667 0.512401 0.253968 0.066964
1 0.542659 0.583953 0.259921 0.062748
1 0.542163 0.653522 0.282077 0.067956
1 0.529431 0.733755 0.262566 0.067708
0 0.169147 0.355159 0.047950 0.038690
0 0.169147 0.423363 0.053241 0.039187
0 0.171627 0.497396 0.058201 0.039931
0 0.171627 0.575397 0.062169 0.037202
0 0.161376 0.650546 0.061508 0.043155
0 0.157077 0.733383 0.060185 0.040675
0 0.441964 0.356275 0.052579 0.043899
0 0.444444 0.432044 0.053571 0.046627
0 0.446759 0.505084 0.066138 0.039435
0 0.443948 0.575893 0.056548 0.048115
0 0.435681 0.649802 0.057209 0.037202
0 0.434193 0.732267 0.064153 0.041419
