1 0.437004 0.164807 0.252976 0.078125
1 0.444279 0.270957 0.263558 0.080109
1 0.455026 0.373388 0.257937 0.076637
1 0.456019 0.469990 0.251984 0.075893
1 0.463294 0.570437 0.256614 0.083829
1 0.465278 0.682044 0.270503 0.086806
1 0.468254 0.789807 0.266534 0.073661
1 0.460483 0.897569 0.270172 0.072917
0 0.343254 0.167659 0.059524 0.040179
0 0.351521 0.277406 0.072090 0.040923
0 0.359788 0.378100 0.053571 0.037946
0 0.362599 0.480283 0.063161 0.040923
0 0.364087 0.568824 0.056217 0.044395
0 0.369544 0.682664 0.069114 0.051835
0 0.375827 0.787698 0.075728 0.044643
0 0.361111 0.897817 0.064153 0.043155
