1 0.452216 0.141121 0.253638 0.080357
1 0.454200 0.236979 0.263558 0.072173
1 0.458499 0.347222 0.250992 0.086806
1 0.479828 0.465278 0.256614 0.083829
1 0.490575 0.549231 0.268188 0.072173
1 0.488261 0.667659 0.259590 0.075893
1 0.497851 0.770957 0.263558 0.072173
1 0.503307 0.890625 0.272487 0.082341
0 0.356316 0.129712 0.054563 0.037202
0 0.358796 0.242808 0.066799 0.040179
0 0.368552 0.337302 0.063161 0.045139
0 0.388062 0.458333 0.073082 0.048115
0 0.400132 0.538194 0.076058 0.038690
0 0.387897 0.672495 0.057540 0.044395
0 0.403108 0.756076 0.064153 0.040923
0 0.401124 0.884797 0.066138 0.053323
