1 0.470734 0.125000 0.263558 0.090278
1 0.495370 0.251860 0.258598 0.086062
1 0.497851 0.381076 0.244378 0.078621
1 0.498843 0.491195 0.253638 0.071677
1 0.496858 0.602431 0.257606 0.082341
1 0.500331 0.695437 0.260582 0.074405
1 0.512401 0.796503 0.271495 0.070685
1 0.527612 0.917659 0.280093 0.086806
0 0.378142 0.127232 0.063161 0.042163
0 0.400628 0.254836 0.067130 0.040923
0 0.416336 0.380704 0.082672 0.037202
0 0.410384 0.485367 0.074735 0.042163
0 0.405423 0.596602 0.072751 0.044395
0 0.406415 0.684524 0.072751 0.033730
0 0.408896 0.790675 0.058532 0.040179
0 0.429233 0.915675 0.072090 0.049603
