1 0.508598 0.167287 0.275132 0.083085
1 0.518849 0.262153 0.262566 0.074405
1 0.515377 0.373388 0.261574 0.075149
1 0.514881 0.468874 0.260582 0.072173
1 0.520337 0.568824 0.271495 0.073661
1 0.522156 0.678323 0.257937 0.080853
1 0.519676 0.795387 0.249008 0.078869
1 0.518849 0.897941 0.258598 0.079613
0 0.411706 0.183036 0.062169 0.040179
0 0.427910 0.256324 0.072751 0.042411
0 0.414187 0.371280 0.057209 0.037202
0 0.420635 0.470734 0.060185 0.046627
0 0.414187 0.575025 0.057209 0.040923
0 0.425926 0.680804 0.055556 0.046627
0 0.427414 0.793899 0.060516 0.048115
0 0.423611 0.901538 0.064153 0.041667
