1 0.561508 0.184400 0.264550 0.070685
1 0.566964 0.280754 0.273479 0.091270
1 0.564484 0.373388 0.260582 0.070685
1 0.564484 0.472966 0.254630 0.083333
1 0.566468 0.570809 0.256614 0.087550
1 0.562500 0.677579 0.262566 0.082341
1 0.558201 0.790675 0.255952 0.083829
1 0.551918 0.890625 0.264550 0.080853
0 0.455026 0.190352 0.057540 0.042907
0 0.475529 0.305556 0.061508 0.046131
0 0.471230 0.369296 0.068122 0.048115
0 0.472222 0.478795 0.064153 0.046875
0 0.476356 0.572173 0.067130 0.042163
0 0.473545 0.685640 0.078704 0.050347
0 0.464286 0.786706 0.068122 0.052579
0 0.453208 0.894221 0.059193 0.051835
