1 0.501819 0.154514 0.257606 0.082341
1 0.503307 0.256696 0.260582 0.077877
1 0.508102 0.347098 0.260913 0.079613
1 0.525132 0.448785 0.259921 0.086062
1 0.527943 0.552827 0.263558 0.077877
1 0.525628 0.656870 0.260913 0.087550
1 0.525132 0.758557 0.261905 0.084077
1 0.524140 0.870908 0.265212 0.095486
0 0.406415 0.159970 0.061508 0.045139
0 0.415179 0.264757 0.057209 0.048859
0 0.423942 0.337674 0.068783 0.045883
0 0.423446 0.451389 0.058532 0.043155
0 0.443948 0.553199 0.081680 0.046875
0 0.436673 0.664062 0.065146 0.058284
0 0.433201 0.757812 0.076058 0.051835
0 0.424438 0.869792 0.060516 0.042163
