1 0.498347 0.176463 0.262566 0.081101
1 0.509425 0.276290 0.265542 0.083829
1 0.512401 0.370040 0.267526 0.074405
1 0.518849 0.467138 0.272487 0.084573
1 0.528935 0.569196 0.267526 0.075893
1 0.529431 0.674231 0.268519 0.081597
1 0.528108 0.778646 0.255952 0.080109
1 0.540179 0.889881 0.260913 0.095734
0 0.407903 0.184524 0.069775 0.041667
0 0.415179 0.273810 0.061177 0.040675
0 0.432374 0.368180 0.083664 0.048859
0 0.426422 0.469742 0.050595 0.043155
0 0.435185 0.571801 0.072090 0.059276
0 0.441964 0.676959 0.081680 0.048859
0 0.438492 0.777902 0.074735 0.052331
0 0.441468 0.884797 0.066799 0.042907
