1 0.492890 0.202381 0.263558 0.071429
1 0.495370 0.306920 0.264550 0.073661
1 0.505787 0.416171 0.263558 0.074405
1 0.515873 0.507192 0.254630 0.069940
1 0.520172 0.601314 0.255952 0.078621
1 0.533399 0.714410 0.256614 0.084573
1 0.526124 0.815104 0.259921 0.078621
1 0.538690 0.926339 0.271164 0.085317
0 0.392857 0.219866 0.059524 0.031994
0 0.396164 0.306300 0.060185 0.041667
0 0.413690 0.422991 0.068122 0.047371
0 0.418485 0.507316 0.052579 0.039435
0 0.437996 0.612723 0.077712 0.045883
0 0.436673 0.719122 0.073082 0.051835
0 0.438988 0.819072 0.083664 0.051835
0 0.446759 0.925595 0.074074 0.056052
