1 0.506118 0.155382 0.256944 0.076637
1 0.521660 0.250496 0.276124 0.083333
1 0.522652 0.356523 0.245040 0.076637
1 0.531911 0.460565 0.269511 0.088790
1 0.529927 0.560020 0.261574 0.086806
1 0.534392 0.660714 0.254630 0.085317
1 0.537202 0.751240 0.254960 0.080853
1 0.536872 0.859871 0.261574 0.091270
0 0.414187 0.162202 0.057209 0.048115
0 0.418981 0.262153 0.051587 0.036706
0 0.439153 0.365079 0.070106 0.046627
0 0.437169 0.460938 0.070106 0.044395
0 0.436177 0.571057 0.060185 0.039931
0 0.439484 0.657118 0.051587 0.044395
0 0.448247 0.753472 0.069114 0.054563
0 0.442460 0.859623 0.063492 0.054067
