0 0.515523 0.171078 0.252614 0.089216
0 0.515523 0.277778 0.263725 0.091503
0 0.515033 0.381209 0.282353 0.093791
0 0.513399 0.485784 0.281046 0.080719
0 0.513889 0.582680 0.275490 0.091503
0 0.513399 0.693464 0.276471 0.094771
0 0.516667 0.793627 0.279085 0.083987
0 0.517157 0.891503 0.268954 0.081699
1 0.418627 0.375163 0.069935 0.055556
1 0.420915 0.479739 0.065359 0.055556
1 0.421895 0.575163 0.069935 0.050327
1 0.424673 0.682026 0.070915 0.058824
1 0.425817 0.785948 0.062092 0.049020
1 0.427288 0.883987 0.063072 0.057516
