1 0.413725 0.330065 0.055556 0.060784
1 0.423529 0.433007 0.062092 0.047059
1 0.425817 0.535458 0.055556 0.053268
1 0.426797 0.635131 0.055556 0.054575
1 0.430556 0.739216 0.069608 0.068627
1 0.429575 0.839216 0.056536 0.042484
0 0.516667 0.134641 0.263399 0.088235
0 0.524837 0.234804 0.269281 0.077451
0 0.523203 0.331699 0.267974 0.092810
0 0.520915 0.440523 0.274510 0.094771
0 0.522549 0.540359 0.264706 0.076144
0 0.519281 0.641667 0.271242 0.082680
0 0.519281 0.742320 0.277778 0.077451
0 0.523203 0.846895 0.272549 0.077451
