0 0.509477 0.133333 0.258170 0.081699
0 0.506373 0.237418 0.273529 0.093791
0 0.504085 0.341503 0.280065 0.077124
0 0.507353 0.439542 0.282026 0.086275
0 0.508497 0.541993 0.277778 0.092484
0 0.509641 0.645425 0.286601 0.077124
0 0.511275 0.746732 0.291830 0.083660
0 0.515033 0.845915 0.292810 0.077451
1 0.412582 0.341503 0.072876 0.055556
1 0.416503 0.439542 0.074183 0.060131
1 0.418627 0.539216 0.063399 0.056863
1 0.419118 0.644771 0.064379 0.058824
1 0.420261 0.744608 0.068627 0.057843
1 0.423529 0.847386 0.075163 0.058824
