0 0.540686 0.144281 0.283333 0.097059
0 0.542810 0.252124 0.279085 0.083987
0 0.541667 0.355065 0.283333 0.089216
0 0.541176 0.456373 0.277778 0.076144
0 0.544444 0.562092 0.284314 0.096078
0 0.546078 0.665523 0.285621 0.076144
0 0.542810 0.764706 0.276471 0.086928
0 0.548366 0.863235 0.274510 0.072876
1 0.445752 0.351797 0.058824 0.054575
1 0.448039 0.458007 0.060784 0.059804
1 0.445261 0.553268 0.053268 0.052288
1 0.442484 0.660621 0.058824 0.051307
1 0.443627 0.756536 0.063072 0.044444
1 0.447549 0.858333 0.051307 0.050000
