1 0.443791 0.354575 0.058824 0.062092
1 0.448039 0.454248 0.067320 0.058824
1 0.442484 0.553431 0.065359 0.074183
1 0.437582 0.652451 0.075163 0.063072
1 0.436601 0.756046 0.068627 0.069608
1 0.444771 0.856209 0.054248 0.056863
0 0.535294 0.148693 0.274510 0.101307
0 0.536275 0.254412 0.281046 0.083987
0 0.536275 0.354575 0.276471 0.088235
0 0.533660 0.458007 0.277778 0.090523
0 0.534641 0.556046 0.279739 0.092484
0 0.536275 0.665033 0.292157 0.094771
0 0.533497 0.765196 0.288562 0.077451
0 0.537255 0.860458 0.274510 0.078431
