1 0.438235 0.351797 0.060784 0.063072
1 0.443627 0.464706 0.061111 0.081699
1 0.440850 0.554412 0.068627 0.074183
1 0.443137 0.657516 0.079739 0.075163
1 0.443791 0.755882 0.071895 0.065359
1 0.439869 0.857190 0.068627 0.078431
0 0.540033 0.140033 0.280065 0.112092
0 0.540686 0.253758 0.263725 0.087255
0 0.535131 0.353595 0.283333 0.081699
0 0.537908 0.456373 0.275817 0.087255
0 0.537908 0.558333 0.292810 0.085948
0 0.535294 0.658497 0.287582 0.094771
0 0.535621 0.763072 0.297386 0.081699
0 0.540523 0.859967 0.294118 0.083987
