0 0.540033 0.147549 0.273529 0.097059
0 0.542320 0.257516 0.273529 0.081699
0 0.540033 0.354575 0.268954 0.077124
0 0.541176 0.454902 0.262745 0.081699
0 0.541176 0.562092 0.264706 0.089542
0 0.540196 0.665686 0.271242 0.084967
0 0.540033 0.765686 0.275490 0.078431
0 0.546732 0.865359 0.284314 0.088235
1 0.444281 0.350817 0.053268 0.048039
1 0.448039 0.456536 0.060784 0.052288
1 0.444771 0.553922 0.056863 0.053595
1 0.442157 0.658987 0.049020 0.041503
1 0.443627 0.762418 0.054575 0.052288
1 0.445425 0.859477 0.055556 0.052288
