0 0.540196 0.149346 0.264706 0.091503
0 0.539052 0.255556 0.268954 0.081699
0 0.542320 0.360131 0.268954 0.081699
0 0.544444 0.460294 0.275817 0.079412
0 0.541667 0.557680 0.272222 0.082680
0 0.539542 0.667157 0.274510 0.090523
0 0.542320 0.770752 0.266993 0.077451
0 0.540686 0.862745 0.265686 0.073856
1 0.446405 0.354575 0.062092 0.049020
1 0.446405 0.455882 0.064052 0.049020
1 0.444118 0.557680 0.055556 0.056536
1 0.443137 0.661111 0.053595 0.058824
1 0.444281 0.763072 0.053268 0.049020
1 0.443137 0.861111 0.060131 0.050980
