0 0.542320 0.149183 0.275490 0.095752
0 0.543954 0.254412 0.272222 0.083987
0 0.543464 0.351307 0.271242 0.075163
0 0.545588 0.455229 0.268954 0.084967
0 0.547222 0.558824 0.270261 0.091503
0 0.543464 0.664379 0.271242 0.078431
0 0.543301 0.761928 0.260458 0.079412
0 0.542810 0.862092 0.259477 0.081699
1 0.444771 0.351307 0.058824 0.055556
1 0.454085 0.453105 0.057843 0.056536
1 0.447059 0.551144 0.052288 0.063072
1 0.444118 0.658497 0.055556 0.044444
1 0.450163 0.757680 0.048039 0.059804
1 0.448039 0.856699 0.054248 0.053268
