0 0.543954 0.151307 0.270261 0.098039
0 0.536275 0.253758 0.272549 0.095752
0 0.542157 0.356699 0.271242 0.083987
0 0.541667 0.458007 0.272222 0.083987
0 0.542320 0.561438 0.273529 0.088235
0 0.544444 0.661765 0.279739 0.079739
0 0.543301 0.763725 0.275490 0.091503
0 0.541176 0.863889 0.271242 0.074183
1 0.446405 0.354575 0.057516 0.050980
1 0.447059 0.453595 0.065359 0.049020
1 0.442484 0.553922 0.065359 0.050980
1 0.443627 0.658497 0.061111 0.050980
1 0.443627 0.757680 0.054575 0.053268
1 0.449020 0.862745 0.058824 0.052288
