0 0.541667 0.148203 0.285294 0.106863
0 0.542810 0.258660 0.285621 0.083987
0 0.539542 0.353595 0.274510 0.081699
0 0.539052 0.456863 0.286601 0.088235
0 0.541176 0.563235 0.284314 0.087255
0 0.542320 0.665523 0.268954 0.082680
0 0.541176 0.763725 0.275817 0.084967
0 0.544444 0.866013 0.269281 0.080392
1 0.442157 0.355065 0.049020 0.063072
1 0.445425 0.454248 0.062092 0.065359
1 0.443137 0.554412 0.057516 0.048039
1 0.444771 0.660621 0.052288 0.051307
1 0.445261 0.761928 0.046732 0.059804
1 0.445261 0.861765 0.044771 0.052288
