0 0.541176 0.147059 0.266667 0.102614
0 0.540033 0.258660 0.273529 0.083987
0 0.541176 0.361765 0.264706 0.084967
0 0.543301 0.454739 0.273529 0.083987
0 0.542810 0.556046 0.269935 0.083987
0 0.538399 0.663399 0.265686 0.093464
0 0.536765 0.765196 0.273529 0.079412
0 0.538562 0.864869 0.267974 0.076144
1 0.445915 0.357843 0.048039 0.060131
1 0.444281 0.458007 0.053268 0.064379
1 0.445915 0.555065 0.063072 0.064379
1 0.441993 0.659641 0.051307 0.053268
1 0.441013 0.760948 0.051307 0.053268
1 0.447386 0.862745 0.049020 0.058824
