0 0.542810 0.143791 0.259477 0.096078
0 0.537255 0.248856 0.267974 0.085948
0 0.540033 0.356209 0.260458 0.089542
0 0.541176 0.458170 0.262745 0.088235
0 0.542320 0.560458 0.262418 0.099346
0 0.541667 0.662255 0.270261 0.080719
0 0.542810 0.763725 0.267974 0.084967
0 0.540033 0.863235 0.266993 0.085948
1 0.446405 0.356699 0.055556 0.059804
1 0.446895 0.454739 0.063072 0.059804
1 0.443791 0.552778 0.045752 0.059804
1 0.443137 0.660131 0.057516 0.056863
1 0.442484 0.759804 0.052288 0.055556
1 0.445425 0.859477 0.062092 0.054248
