0 0.541176 0.153105 0.258170 0.090523
0 0.540686 0.259150 0.263725 0.078431
0 0.538399 0.358333 0.265686 0.080719
0 0.536765 0.454902 0.262418 0.075163
0 0.541667 0.558824 0.263725 0.084967
0 0.541667 0.665033 0.272222 0.090196
0 0.540033 0.760294 0.262418 0.080719
0 0.541667 0.863235 0.270261 0.097059
1 0.446895 0.357843 0.056536 0.055556
1 0.445261 0.454248 0.057843 0.047712
1 0.446895 0.553268 0.054575 0.052288
1 0.442647 0.660131 0.048039 0.052288
1 0.447386 0.759314 0.062092 0.061111
1 0.445915 0.856209 0.061111 0.058824
