0 0.540686 0.146569 0.265686 0.092484
0 0.542320 0.253758 0.268954 0.080719
0 0.541176 0.355556 0.286275 0.088235
0 0.542157 0.458007 0.277778 0.079412
0 0.542320 0.557190 0.282026 0.092810
0 0.539052 0.664052 0.273529 0.088235
0 0.543954 0.766830 0.272222 0.080719
0 0.543954 0.861111 0.265686 0.075163
1 0.442647 0.355719 0.056536 0.057843
1 0.446405 0.457026 0.055556 0.053268
1 0.443137 0.559967 0.060131 0.061111
1 0.442484 0.657516 0.058824 0.062092
1 0.444771 0.761928 0.050327 0.053268
1 0.449183 0.862745 0.048039 0.056863
