1 0.448039 0.354085 0.056863 0.063072
1 0.449673 0.458170 0.055556 0.062092
1 0.441993 0.558333 0.051307 0.066340
1 0.439869 0.655882 0.062092 0.065359
1 0.446405 0.760294 0.049020 0.061111
1 0.443137 0.861111 0.064052 0.057516
0 0.541667 0.149837 0.257190 0.090523
0 0.535294 0.247876 0.274510 0.077451
0 0.541176 0.354085 0.282353 0.076144
0 0.540196 0.457516 0.264706 0.078431
0 0.536275 0.560948 0.272549 0.082680
0 0.534641 0.662255 0.277778 0.074183
0 0.540196 0.771242 0.277778 0.076471
0 0.537908 0.864869 0.286275 0.067647
