0 0.542810 0.148203 0.266013 0.093791
0 0.541176 0.257026 0.266667 0.082680
0 0.541667 0.356699 0.272222 0.077451
0 0.535784 0.455229 0.262418 0.078431
0 0.537908 0.557190 0.275817 0.090196
0 0.536928 0.659641 0.271242 0.083987
0 0.541667 0.764216 0.276797 0.085948
0 0.540033 0.864869 0.280065 0.089216
1 0.445261 0.355065 0.051307 0.056536
1 0.446895 0.457516 0.061111 0.056863
1 0.451307 0.556046 0.052288 0.059804
1 0.441993 0.658007 0.057843 0.061111
1 0.445752 0.761928 0.065359 0.053268
1 0.444281 0.859477 0.059804 0.058824
