1 0.444771 0.347549 0.060784 0.080719
1 0.444771 0.453595 0.065359 0.081699
1 0.444118 0.554412 0.068627 0.061111
1 0.444281 0.655882 0.059804 0.065359
1 0.444118 0.754412 0.062092 0.066340
1 0.441503 0.856209 0.067320 0.084967
0 0.550327 0.148693 0.274510 0.105882
0 0.537255 0.255882 0.267974 0.078431
0 0.534150 0.351307 0.285294 0.086275
0 0.535621 0.454248 0.284314 0.093464
0 0.537418 0.560458 0.289869 0.083660
0 0.541176 0.666176 0.295425 0.092484
0 0.536928 0.764706 0.297386 0.086928
0 0.537908 0.867157 0.303922 0.095752
