0 0.544444 0.155882 0.258170 0.084967
0 0.546732 0.255392 0.264706 0.090523
0 0.547222 0.358987 0.263725 0.072876
0 0.545098 0.455392 0.261438 0.069608
0 0.546078 0.554412 0.261438 0.076144
0 0.542810 0.659477 0.263399 0.068627
0 0.540033 0.754902 0.268954 0.091503
0 0.540196 0.857843 0.290850 0.083660
1 0.447549 0.360131 0.059804 0.055556
1 0.452451 0.456863 0.063072 0.055556
1 0.452451 0.559967 0.056536 0.056536
1 0.443791 0.662908 0.052288 0.044771
1 0.446405 0.758660 0.057516 0.066340
1 0.449673 0.858987 0.057516 0.051307
