0 0.547059 0.150327 0.274510 0.102614
0 0.546078 0.253758 0.283007 0.089216
0 0.542810 0.359967 0.274510 0.085948
0 0.542810 0.461928 0.283007 0.074183
0 0.541830 0.559967 0.274510 0.074183
0 0.545588 0.659641 0.268954 0.079412
0 0.544444 0.760458 0.297386 0.078431
0 0.542320 0.861111 0.282026 0.086275
1 0.448529 0.361601 0.070915 0.063072
1 0.450817 0.460784 0.066340 0.050327
1 0.447059 0.557190 0.058824 0.053595
1 0.444771 0.665033 0.043791 0.050980
1 0.449183 0.762582 0.063072 0.054575
1 0.448039 0.866993 0.045752 0.039216
