1 0.443627 0.352941 0.056536 0.058824
1 0.443137 0.454248 0.068627 0.060784
1 0.442484 0.556209 0.058824 0.062092
1 0.443791 0.657516 0.058824 0.062092
1 0.443627 0.760294 0.050000 0.063072
1 0.447059 0.862745 0.045752 0.054248
0 0.541176 0.147059 0.269281 0.091503
0 0.543301 0.254248 0.280065 0.088235
0 0.539542 0.354575 0.276471 0.081699
0 0.536275 0.456536 0.276471 0.078431
0 0.540033 0.558824 0.275490 0.080392
0 0.538399 0.661275 0.272222 0.082680
0 0.536275 0.763562 0.272549 0.089216
0 0.538562 0.867647 0.267974 0.079739
