0 0.545425 0.148693 0.264706 0.103268
0 0.544935 0.251634 0.263725 0.084967
0 0.541667 0.357843 0.276797 0.081699
0 0.542810 0.454739 0.281046 0.077451
0 0.543301 0.558824 0.293137 0.086928
0 0.546569 0.661275 0.266993 0.093791
0 0.544935 0.767974 0.276797 0.080392
0 0.539542 0.859967 0.267974 0.083987
1 0.450817 0.358824 0.066340 0.055556
1 0.444771 0.454739 0.069935 0.051307
1 0.444771 0.553268 0.054248 0.052288
1 0.444771 0.659150 0.045752 0.045752
1 0.444281 0.763072 0.057843 0.047059
1 0.447549 0.859477 0.059804 0.050327
