0 0.541830 0.151961 0.267974 0.079739
0 0.541176 0.254412 0.260131 0.083987
0 0.548693 0.357843 0.271242 0.075163
0 0.549346 0.455882 0.279085 0.081699
0 0.543301 0.559314 0.282026 0.085948
0 0.542810 0.661275 0.281046 0.089216
0 0.541176 0.766830 0.271242 0.093791
0 0.541667 0.867647 0.270261 0.077124
1 0.447549 0.355719 0.059804 0.051307
1 0.446405 0.452614 0.050980 0.055556
1 0.443137 0.554575 0.055556 0.058824
1 0.444118 0.659150 0.055556 0.058824
1 0.445915 0.761438 0.061111 0.065359
1 0.447059 0.862255 0.065359 0.051307
