0 0.542810 0.150980 0.261438 0.101307
0 0.546078 0.254248 0.272549 0.081699
0 0.543954 0.350654 0.270261 0.098039
0 0.541667 0.450980 0.263725 0.076471
0 0.536275 0.557190 0.276471 0.090196
0 0.543301 0.660621 0.273529 0.083987
0 0.540033 0.761928 0.268954 0.090523
0 0.541176 0.859967 0.273203 0.079412
1 0.446405 0.353595 0.044444 0.055556
1 0.446405 0.454248 0.057516 0.054248
1 0.444771 0.556699 0.054248 0.054575
1 0.445915 0.662255 0.054575 0.067647
1 0.445915 0.763072 0.054575 0.066667
1 0.447059 0.862745 0.058824 0.052288
