1 0.443137 0.351961 0.053595 0.058824
1 0.441993 0.451634 0.053268 0.062092
1 0.444281 0.556046 0.051307 0.059804
1 0.442647 0.654575 0.048039 0.058824
1 0.446895 0.754902 0.050000 0.058824
1 0.441503 0.855719 0.056863 0.064379
0 0.543301 0.151961 0.268954 0.083660
0 0.540196 0.257026 0.277778 0.093791
0 0.536765 0.358824 0.268954 0.081699
0 0.536765 0.453268 0.268954 0.078431
0 0.534150 0.558333 0.298366 0.083987
0 0.535131 0.660131 0.278758 0.086928
0 0.538889 0.764216 0.284314 0.090523
0 0.538399 0.868301 0.276797 0.084967
