0 0.541176 0.147549 0.262745 0.085948
0 0.541176 0.251634 0.256209 0.078431
0 0.540196 0.356863 0.264706 0.075163
0 0.539052 0.453758 0.275490 0.077451
0 0.539052 0.556209 0.266993 0.088235
0 0.539542 0.660131 0.272549 0.083007
0 0.543301 0.764052 0.266993 0.088235
0 0.541176 0.863889 0.271242 0.087255
1 0.450817 0.357353 0.066340 0.056536
1 0.449183 0.457516 0.076144 0.058824
1 0.445261 0.553922 0.057843 0.055556
1 0.439869 0.655229 0.055556 0.055556
1 0.442484 0.759314 0.045752 0.063072
1 0.447059 0.863235 0.052288 0.057843
