1 0.444281 0.345915 0.059804 0.059804
1 0.447386 0.450980 0.055556 0.067320
1 0.441503 0.550163 0.052288 0.063072
1 0.446405 0.658007 0.064052 0.054575
1 0.434314 0.751634 0.068627 0.073856
1 0.440850 0.857353 0.055556 0.067647
0 0.542810 0.148693 0.252941 0.068627
0 0.535784 0.244444 0.286601 0.088235
0 0.541176 0.352941 0.282353 0.083007
0 0.539052 0.454739 0.275490 0.077451
0 0.537418 0.557190 0.285294 0.081699
0 0.534641 0.662418 0.275817 0.071895
0 0.528105 0.760458 0.288889 0.078431
0 0.539052 0.866503 0.275490 0.077451
