0 0.541667 0.150327 0.283333 0.086928
0 0.540686 0.254902 0.265686 0.078431
0 0.540033 0.351961 0.262418 0.078431
0 0.539052 0.452124 0.268954 0.082680
0 0.538562 0.553268 0.267974 0.098039
0 0.538562 0.662908 0.267974 0.083987
0 0.537418 0.762418 0.278758 0.098039
0 0.537418 0.870915 0.265686 0.079739
1 0.443627 0.353922 0.067647 0.058824
1 0.445261 0.452614 0.053268 0.062092
1 0.444771 0.552288 0.047712 0.069935
1 0.445425 0.660621 0.042484 0.059804
1 0.441993 0.756046 0.051307 0.054575
1 0.440523 0.860131 0.058824 0.049020
