1 0.440850 0.351961 0.055556 0.071895
1 0.446405 0.447222 0.057516 0.059804
1 0.445915 0.556699 0.048039 0.061111
1 0.441503 0.655229 0.050327 0.066667
1 0.443791 0.758824 0.078431 0.068627
1 0.445261 0.857843 0.053268 0.073203
0 0.539052 0.146405 0.286601 0.094771
0 0.535294 0.252288 0.281046 0.068627
0 0.537908 0.351307 0.269281 0.090196
0 0.535621 0.457516 0.277778 0.089542
0 0.534641 0.557680 0.284314 0.093791
0 0.528105 0.661765 0.275817 0.096732
0 0.531863 0.766340 0.298366 0.083660
0 0.535621 0.864869 0.284314 0.082680
