0 0.549837 0.151471 0.266993 0.082680
0 0.539052 0.249346 0.268954 0.084967
0 0.540033 0.351307 0.260458 0.066667
0 0.541667 0.454248 0.259150 0.071895
0 0.542320 0.559314 0.273529 0.083987
0 0.542157 0.661765 0.271242 0.070588
0 0.540033 0.762582 0.260458 0.082680
0 0.542810 0.861601 0.263399 0.076144
1 0.447386 0.354575 0.049020 0.044444
1 0.444771 0.455229 0.060784 0.045752
1 0.449183 0.554412 0.048039 0.054575
1 0.439379 0.660621 0.061111 0.051307
1 0.443137 0.755556 0.053595 0.062092
1 0.445261 0.858987 0.051307 0.051307
