0 0.542320 0.152614 0.262418 0.091503
0 0.539542 0.252778 0.267974 0.076144
0 0.541176 0.357843 0.260131 0.077124
0 0.538889 0.453595 0.264706 0.075163
0 0.537418 0.552288 0.270261 0.086928
0 0.539542 0.662255 0.266013 0.089216
0 0.541667 0.762582 0.276797 0.076144
0 0.544444 0.861601 0.266667 0.082680
1 0.446405 0.350817 0.055556 0.048039
1 0.451797 0.455229 0.066340 0.058824
1 0.444118 0.550163 0.055556 0.061111
1 0.443627 0.655719 0.043464 0.056536
1 0.448529 0.762582 0.059804 0.061111
1 0.445261 0.856863 0.053268 0.049020
