0 0.543791 0.150327 0.261438 0.098039
0 0.544935 0.255556 0.265686 0.088235
0 0.543464 0.349673 0.258170 0.078431
0 0.546569 0.456536 0.266993 0.084967
0 0.548203 0.555065 0.265686 0.085948
0 0.542810 0.658987 0.269935 0.087255
0 0.538399 0.758824 0.272222 0.088235
0 0.538399 0.859477 0.270261 0.086928
1 0.446405 0.350817 0.060131 0.054575
1 0.450163 0.454248 0.061111 0.060784
1 0.449020 0.551797 0.058824 0.066340
1 0.446405 0.655229 0.064052 0.057516
1 0.445425 0.759314 0.068627 0.069608
1 0.447549 0.857843 0.059804 0.064052
