0 0.539542 0.150327 0.261438 0.104575
0 0.543301 0.254412 0.260458 0.070915
0 0.543301 0.352941 0.262418 0.096078
0 0.547712 0.453595 0.279739 0.094771
0 0.541667 0.558170 0.270261 0.094771
0 0.536928 0.662255 0.277778 0.076144
0 0.542810 0.757190 0.267974 0.078431
0 0.543954 0.863235 0.270261 0.077451
1 0.439869 0.351797 0.042484 0.063072
1 0.443627 0.451961 0.056536 0.065359
1 0.444771 0.547876 0.052288 0.050000
1 0.441503 0.661275 0.063399 0.050000
1 0.440850 0.757190 0.055556 0.065359
1 0.450817 0.863889 0.059804 0.054575
