1 0.443137 0.352451 0.057516 0.064379
1 0.447549 0.455882 0.066340 0.053595
1 0.446405 0.554412 0.050980 0.069608
1 0.450163 0.660621 0.056536 0.064379
1 0.439216 0.762092 0.065359 0.062092
1 0.446405 0.853431 0.060131 0.070915
0 0.539052 0.149673 0.275490 0.088235
0 0.537908 0.253758 0.271242 0.082680
0 0.541667 0.353431 0.276797 0.083987
0 0.536275 0.452614 0.281046 0.075163
0 0.531863 0.552288 0.291830 0.091503
0 0.534641 0.661765 0.282353 0.075163
0 0.531863 0.765359 0.283333 0.075163
0 0.536275 0.859967 0.292157 0.090523
