0 0.534641 0.151961 0.282353 0.099346
0 0.534641 0.251634 0.271242 0.078431
0 0.532516 0.352941 0.275490 0.083007
0 0.535131 0.458660 0.283333 0.093791
0 0.533660 0.557190 0.284314 0.083660
0 0.534150 0.659641 0.285294 0.090523
0 0.534150 0.759150 0.278758 0.084967
0 0.533497 0.862745 0.286601 0.083007
1 0.441503 0.350327 0.052288 0.055556
1 0.441503 0.449346 0.071895 0.057516
1 0.438235 0.551634 0.058824 0.055556
1 0.445915 0.659477 0.041503 0.062092
1 0.440359 0.757026 0.063072 0.063072
1 0.440850 0.858987 0.062092 0.057843
