0 0.223284 0.514706 0.079902 0.271242
0 0.303799 0.519118 0.053186 0.282026
0 0.377696 0.522876 0.065196 0.276471
0 0.461520 0.520261 0.066176 0.277778
0 0.544363 0.524510 0.065196 0.292810
0 0.619485 0.527124 0.047304 0.281046
0 0.696691 0.526144 0.049755 0.274510
0 0.774387 0.528922 0.067892 0.286601
1 0.221691 0.609967 0.047304 0.082680
1 0.301225 0.619935 0.041667 0.065359
1 0.380147 0.618137 0.050490 0.070915
1 0.460294 0.621569 0.049020 0.062092
1 0.543995 0.618301 0.044853 0.068627
1 0.623162 0.625817 0.033578 0.062092
1 0.697181 0.618627 0.032598 0.058824
1 0.767770 0.622059 0.035049 0.063072
