0 0.197181 0.524510 0.076716 0.282353
0 0.274387 0.526144 0.058088 0.287582
0 0.353186 0.522876 0.063725 0.296078
0 0.428799 0.526144 0.064461 0.292157
0 0.515319 0.524510 0.058088 0.292810
0 0.590196 0.534804 0.044118 0.302941
0 0.668873 0.530065 0.046569 0.303922
0 0.747426 0.532680 0.053186 0.292157
1 0.195466 0.627941 0.055637 0.070915
1 0.273529 0.625817 0.050000 0.073203
1 0.354044 0.629739 0.055637 0.071895
1 0.431127 0.631209 0.051471 0.064379
1 0.512500 0.629085 0.039216 0.062092
1 0.586765 0.636601 0.039216 0.062092
1 0.668137 0.636111 0.040196 0.074183
1 0.742157 0.642157 0.039216 0.055556
