0 0.194240 0.523366 0.088971 0.288562
0 0.280147 0.525000 0.061275 0.291830
0 0.353554 0.526634 0.062990 0.293137
0 0.433333 0.527288 0.063725 0.289869
0 0.510784 0.529412 0.063725 0.302614
0 0.590931 0.530065 0.063725 0.290850
0 0.669363 0.527778 0.057353 0.297386
0 0.743627 0.533660 0.063725 0.313725
1 0.195956 0.622549 0.049755 0.068627
1 0.277206 0.618627 0.045588 0.071895
1 0.356495 0.623039 0.040931 0.067647
1 0.434926 0.627451 0.047304 0.073856
1 0.509681 0.627941 0.049755 0.072876
1 0.590074 0.628431 0.037500 0.065359
1 0.670588 0.634477 0.035294 0.070915
