1 0.195098 0.624837 0.057843 0.075163
1 0.271814 0.624673 0.051471 0.072876
1 0.353186 0.634477 0.042647 0.083987
1 0.432475 0.634477 0.036029 0.064379
1 0.505147 0.630229 0.037745 0.072876
1 0.586029 0.641503 0.034314 0.071895
0 0.192647 0.518464 0.075980 0.302941
0 0.272672 0.522386 0.074265 0.314706
0 0.359681 0.538072 0.060539 0.322549
0 0.433701 0.530392 0.062990 0.294118
0 0.509681 0.538072 0.058088 0.302941
0 0.582721 0.533660 0.055637 0.313725
0 0.667402 0.536438 0.056373 0.299673
0 0.749877 0.536438 0.054657 0.293137
