1 0.271078 0.451307 0.059314 0.267320
1 0.352696 0.446078 0.060294 0.266013
1 0.440196 0.447386 0.048529 0.261438
1 0.516054 0.446242 0.054167 0.263725
1 0.592157 0.450163 0.042157 0.262418
1 0.675858 0.452941 0.040931 0.266013
1 0.756740 0.455556 0.057108 0.265359
1 0.842892 0.458170 0.060294 0.258170
0 0.278922 0.547059 0.038235 0.062092
0 0.359436 0.548529 0.039951 0.050000
0 0.439828 0.547386 0.030637 0.050980
0 0.519363 0.545588 0.035784 0.053268
0 0.593995 0.548529 0.033578 0.059150
0 0.676471 0.553105 0.027451 0.048693
0 0.759926 0.558497 0.032598 0.048366
