1 0.269118 0.447222 0.065686 0.263725
1 0.350368 0.446732 0.054657 0.264706
1 0.426716 0.445588 0.050000 0.257843
1 0.512500 0.446242 0.052941 0.263725
1 0.591789 0.444444 0.065441 0.262745
1 0.671201 0.449020 0.046814 0.261438
1 0.749387 0.449346 0.046814 0.257516
1 0.834069 0.458170 0.056373 0.260131
0 0.275123 0.547712 0.038971 0.056209
0 0.356985 0.542647 0.037010 0.048693
0 0.433578 0.546405 0.037745 0.051634
0 0.510907 0.542484 0.040441 0.051634
0 0.594363 0.549020 0.041176 0.050980
0 0.673039 0.551634 0.037745 0.047059
0 0.752451 0.547222 0.027941 0.039542
