1 0.117157 0.479044 0.097059 0.187500
1 0.220098 0.478309 0.072222 0.190441
1 0.326307 0.470098 0.080719 0.189706
1 0.430065 0.474265 0.071242 0.185294
1 0.535784 0.470098 0.076797 0.186765
1 0.634804 0.473897 0.072876 0.184559
1 0.734314 0.471814 0.069935 0.191667
1 0.842974 0.473652 0.097059 0.190931
0 0.127288 0.556863 0.055882 0.027451
0 0.229739 0.552574 0.043137 0.025735
0 0.328268 0.547549 0.044118 0.031863
0 0.433007 0.546446 0.044444 0.031127
0 0.534314 0.551225 0.045098 0.027451
0 0.630556 0.547181 0.039542 0.034069
0 0.729575 0.552206 0.037582 0.027941
0 0.837092 0.552941 0.066340 0.035294
