1 0.130229 0.489828 0.088562 0.190441
1 0.235621 0.493137 0.081699 0.191176
1 0.341176 0.492034 0.079739 0.183088
1 0.440196 0.487745 0.079739 0.178922
1 0.544118 0.491299 0.073856 0.184559
1 0.636438 0.493873 0.068301 0.176471
1 0.747386 0.494118 0.069281 0.191667
1 0.855882 0.495956 0.096078 0.179657
0 0.138889 0.562623 0.065359 0.041912
0 0.245588 0.565196 0.057843 0.035294
0 0.343137 0.563848 0.039216 0.026716
0 0.442157 0.560907 0.049020 0.026716
0 0.544935 0.565564 0.037582 0.028676
0 0.640686 0.564461 0.046078 0.032353
0 0.742157 0.571078 0.047059 0.036765
0 0.848203 0.572059 0.053922 0.028922
