1 0.130719 0.504289 0.093464 0.186029
1 0.236438 0.501348 0.089216 0.188971
1 0.336438 0.502819 0.080065 0.187500
1 0.433007 0.505025 0.084314 0.184559
1 0.539216 0.503186 0.087582 0.177941
1 0.640686 0.503922 0.084641 0.180882
1 0.740523 0.503186 0.090196 0.182353
1 0.841503 0.504289 0.086275 0.181618
0 0.136601 0.570221 0.052941 0.042402
0 0.236928 0.572794 0.055556 0.041667
0 0.338725 0.571324 0.050000 0.040196
0 0.439706 0.569608 0.059804 0.035294
0 0.542647 0.570956 0.059804 0.034069
0 0.641013 0.569975 0.060458 0.034559
0 0.735948 0.574142 0.065359 0.037500
0 0.836275 0.576716 0.041176 0.030882
