1 0.130392 0.500613 0.096078 0.183088
1 0.231699 0.498897 0.085621 0.189461
1 0.335948 0.499877 0.081046 0.184559
1 0.437745 0.501348 0.076797 0.181618
1 0.537255 0.502083 0.081699 0.183088
1 0.638235 0.503186 0.081699 0.176471
1 0.743464 0.501348 0.084314 0.187500
1 0.846895 0.505760 0.097059 0.183088
0 0.137582 0.570221 0.047059 0.034069
0 0.238725 0.573039 0.050000 0.033824
0 0.338725 0.569485 0.050000 0.040931
0 0.437745 0.572426 0.046078 0.039461
0 0.537418 0.569608 0.060458 0.035294
0 0.639706 0.572059 0.051961 0.033333
0 0.743954 0.576716 0.070261 0.042647
0 0.844444 0.575980 0.061438 0.042647
