1 0.131699 0.510049 0.098693 0.191667
1 0.240359 0.512132 0.087255 0.187500
1 0.338725 0.511765 0.086601 0.183824
1 0.443627 0.512868 0.088562 0.186029
1 0.543627 0.513235 0.078758 0.179412
1 0.639706 0.511152 0.078758 0.190931
1 0.740196 0.513971 0.081699 0.185294
1 0.853105 0.518015 0.076797 0.183088
0 0.139869 0.581127 0.053595 0.041176
0 0.241667 0.581005 0.053922 0.042402
0 0.341667 0.580637 0.044118 0.043137
0 0.444444 0.580025 0.061438 0.040441
0 0.544608 0.582843 0.048039 0.040196
0 0.641176 0.581495 0.047059 0.038971
0 0.746895 0.583824 0.054575 0.036765
0 0.848856 0.587990 0.035621 0.027451
