1 0.125980 0.511765 0.100980 0.182353
1 0.235621 0.509069 0.083660 0.183824
1 0.334477 0.508946 0.085294 0.181127
1 0.434477 0.510417 0.078105 0.176716
1 0.531536 0.509681 0.078105 0.179657
1 0.634314 0.514338 0.083660 0.183088
1 0.738562 0.512868 0.101961 0.184559
1 0.854085 0.515441 0.111438 0.179412
0 0.137582 0.579289 0.049020 0.034559
0 0.238399 0.578554 0.060458 0.040441
0 0.341340 0.582230 0.060458 0.034559
0 0.441667 0.579289 0.063725 0.040441
0 0.539706 0.577083 0.046078 0.034559
0 0.637255 0.582843 0.056863 0.031863
0 0.742647 0.581863 0.046078 0.035294
