1 0.137418 0.511152 0.089216 0.187990
1 0.232190 0.508701 0.078758 0.186029
1 0.334641 0.510784 0.081699 0.177451
1 0.434967 0.511887 0.084314 0.178186
1 0.528758 0.511520 0.081699 0.180392
1 0.636765 0.510784 0.084641 0.181863
1 0.736275 0.515441 0.075817 0.182353
1 0.849673 0.516912 0.093464 0.186765
0 0.143301 0.578186 0.056536 0.042647
0 0.237908 0.580025 0.053595 0.033088
0 0.337745 0.577819 0.046078 0.038971
0 0.437418 0.580760 0.058497 0.037500
0 0.542647 0.581127 0.048039 0.035294
0 0.640686 0.585049 0.053922 0.043137
0 0.745752 0.584926 0.049020 0.037500
