1 0.133497 0.511765 0.095098 0.185294
1 0.235948 0.509681 0.088235 0.186520
1 0.337745 0.509681 0.082680 0.182598
1 0.438725 0.514706 0.082680 0.183824
1 0.539216 0.508333 0.081699 0.180882
1 0.641176 0.510417 0.077778 0.178186
1 0.741176 0.512990 0.085621 0.174510
1 0.847876 0.515441 0.100980 0.179412
0 0.141340 0.578922 0.070261 0.039706
0 0.242157 0.577083 0.047059 0.038971
0 0.346569 0.575980 0.050000 0.036765
0 0.446569 0.581127 0.048039 0.039706
0 0.543137 0.581127 0.056863 0.032353
0 0.646405 0.581373 0.046405 0.028922
0 0.745915 0.578922 0.045425 0.030882
0 0.839706 0.580392 0.053922 0.041176
