1 0.136438 0.513235 0.099020 0.179412
1 0.240196 0.509681 0.081699 0.185049
1 0.333660 0.515441 0.081699 0.182353
1 0.443627 0.513725 0.088562 0.175980
1 0.546405 0.514828 0.075163 0.173775
1 0.647386 0.514828 0.071242 0.173775
1 0.741176 0.515074 0.079739 0.174265
1 0.850654 0.514828 0.073856 0.173775
0 0.141340 0.577451 0.056536 0.038235
0 0.248366 0.583211 0.036601 0.039461
0 0.342647 0.578186 0.046078 0.029412
0 0.449346 0.580025 0.046405 0.038971
0 0.547059 0.574510 0.050980 0.035294
0 0.644608 0.579289 0.050000 0.041912
0 0.742484 0.583211 0.032680 0.028186
0 0.847222 0.581495 0.046078 0.037500
