1 0.125000 0.503922 0.087255 0.189706
1 0.233170 0.507598 0.088562 0.186765
1 0.332680 0.508701 0.085621 0.183088
1 0.434967 0.504657 0.067320 0.177941
1 0.532516 0.516176 0.085294 0.188235
1 0.635294 0.514338 0.073856 0.184559
1 0.733333 0.511152 0.075817 0.173775
1 0.839052 0.520833 0.089216 0.174510
0 0.137092 0.580392 0.046078 0.041176
0 0.237418 0.583211 0.058497 0.035539
0 0.333497 0.577451 0.054575 0.032353
0 0.435458 0.577451 0.041503 0.027941
0 0.533824 0.580760 0.050000 0.031618
0 0.636275 0.587500 0.045098 0.039706
